0000000000000000000000000000000000000000
0000000000000000000000000000000000000000
0000000000000000000000000000000000000000
0000000000000000000000000000000000000000
0000000000000000000000000000000000000000
0000000000000000000000000000000000000000
0000000000000000000000000000000000000000
0000000000000000000000000000000000000000
0000000000000000000000000000000000000000
0000000000000000000000000000000000000000
0000000000000000000000000000000000000000
0000000000000000000000000000000000000000
0000000000000000000000000000000000000000
0000000000000000000000000000000000000000
0000000000000000000000000000000000000000
0000000000000000000000000000000000000000
0000000000000000000000011000011000000000
0000000000000000000000011000011000000000
0000000000000000000000000000000000000000
0000000000000000000000000000000000000000
0000000000000000000001000000000010000000
0000000000000000000010100000000101000000
0000000000000000000010100000000101000000
0000000000000000000001000000000010000000
0000000000000000000000000000000000000000
0000000000000000000001000000000010000000
0000000000000000000010100000000101000000
0000000000000000000010100000000101000000
0000000000000000000001000000000010000000
0000000000000000000000000000000000000000
0000000000000000000000000000000000000000
0000000000000000000000011000011000000000
0000000000000000000000011000011000000000
0000000000000000000000000000000000000000
0000000000000000000000000000000000000000
0000000000000000000000000000000000000000
0000000000000000000000000000000000000000
0000000000000000000000000000000000000000
0000000000000000000000000000000000000000
0000000000000000000000000000000000000000
